Ejercicio 10
Suponga que una heap que representa una cola de prioridades está almacenada en el arreglo A (se
comienza de la posición A[1]). Si aplica un delete-min, ¿en qué posición quedará la clave 62?
   i: 1  2  3  4  5  6  7  8  9  10 11 12
A[i]: 11 21 27 37 36 34 32 43 44 42 51 62

(a) A[1] (b) A[2] (c) A[10] (d) A[11] (e) A[12]


                                            21
                            36                              27
                    37              42              34              32
                43      44      51      62      

        Opcion d. A[11]

ejercicio 11
{21 36 27 37 42 34 32 43 44 62 51}
                                            21
                            36                              27
                    37              42              34              32
                43      44      62      51 
----------------------------------------------------------------------------------------------
                                            62
                            51                              34
                    44              42              27              32
                43      37      21      36 
Armamos el arreglo : {62 51 34 44 42 27 32 43 37 21 36}
----------------------------------------------------------------------------------------------
{51 44 34 43 42 27 32 36 37 21} 62
                                            51
                            44                              34
                    43              42              27              32
                36      37      21 
----------------------------------------------------------------------------------------------
{51 44 34 43 42 27 32 36 37 21} 62
                                            51
                            44                              34
                    43              42              27              32
                36      37      21 
----------------------------------------------------------------------------------------------
{44 43 34 37 42 27 32 36 21}  51 62
                                            44
                            43                              34
                    37              42              27              32
                36      21  
----------------------------------------------------------------------------------------------
{43 42 34 37 21 27 32 36}  44 51 62
                                            43
                            42                              34
                    37              21              27              32
                36     
----------------------------------------------------------------------------------------------
{42 37 34 36 21 27 32}  43 44 51 62
                                            42
                            37                              34
                    36              21              27              32
----------------------------------------------------------------------------------------------
{37 36 34 32 21 27} 42 43 44 51 62
                                            37
                            36                              34
                    32              21              27          
----------------------------------------------------------------------------------------------
{36 32 34 27 21} 37 42 43 44 51 62
                                            36
                            32                              34
                    27              21                  
----------------------------------------------------------------------------------------------
{34 32 21 27} 36 37 42 43 44 51 62
                                            34
                            32                              21
                    27          
----------------------------------------------------------------------------------------------
{32 27 21} 34 36 37 42 43 44 51 62
                                            32
                            27                              21
----------------------------------------------------------------------------------------------
{21 27} 32 34 36 37 42 43 44 51 62
                                            27
                            21                                      
----------------------------------------------------------------------------------------------
{21} 27 32 34 36 37 42 43 44 51 62
                                            21                                















