                                        21
                        36                              27
                37              42              34              32
            43      44      51      62      

{21, 36, 27, 37, 42, 34, 32, 43, 44, 51, 62}

Construimos la max-heap

{62, 51, 34, 42, 44, 27, 32, 21, 37, 36, 43}
                                62
                51                               34
        42              44               27               32
    21      37      36      43
------------------------------------------------------------------------------------------
{51, 44, 34, 42, 43, 27, 32, 21, 37, 36} 62
                                51
                44                               34
        42              43               27               32
    21      37      36      
------------------------------------------------------------------------------------------
{44, 43, 34, 42, 36, 27, 32, 21, 37} 51, 62
                                44
                43                               34
        42              36               27               32
    21      37            
------------------------------------------------------------------------------------------
{43, 42, 34, 37, 36, 27, 32, 21} 44, 51, 62
                                43
                42                               34
        37              36               27               32
    21                  
------------------------------------------------------------------------------------------
{42, 37, 34, 21, 36, 27, 32} 43, 44, 51, 62
                                42
                37                               34
        21              36               27               32                  
------------------------------------------------------------------------------------------
{37, 36, 34, 21, 32, 27} 42, 43, 44, 51, 62
                                37
                36                               34
        21              32               27                                 
------------------------------------------------------------------------------------------
{36, 32, 34, 21, 27} 37, 42, 43, 44, 51, 62
                                36
                32                               34
        21              27                                                
------------------------------------------------------------------------------------------
{34, 32, 27, 21} 36, 37, 42, 43, 44, 51, 62
                                34
                32                               27
        21                                                              
------------------------------------------------------------------------------------------
{32, 21, 27} 34, 36, 37, 42, 43, 44, 51, 62
                                32
                21                               27                                                              
------------------------------------------------------------------------------------------
{27, 21} 32, 34, 36, 37, 42, 43, 44, 51, 62
                                27
                21                                                                                             
------------------------------------------------------------------------------------------
{21} 27, 32, 34, 36, 37, 42, 43, 44, 51, 62
                                21
------------------------------------------------------------------------------------------
{21} 27, 32, 34, 36, 37, 42, 43, 44, 51, 62

b) Para ordenar de forma decreciente deberiamos haber construido una Min-Heap y haber 
realizado todos los filtrados manteniendo la propiedad de la Min-Heap.