8) Construir una max-heap binaria con los siguientes datos:
        {5, 8, 12, 9, 7, 10, 21, 6, 14, 4}
a) Insertándolos de a uno

+5
                    5
-----------------------------------------------------------------------------------------------------
+8
                    8
                5
-----------------------------------------------------------------------------------------------------
+12
                    12
                5       8
-----------------------------------------------------------------------------------------------------
+9
                    12
                9       8
              5
-----------------------------------------------------------------------------------------------------
+7
                    12
                9       8
              5   7
-----------------------------------------------------------------------------------------------------
+10
                    12
                9       10
              5   7    8 
-----------------------------------------------------------------------------------------------------
+21
                            21
                9                       12
            5       7               8       10
-----------------------------------------------------------------------------------------------------
+6
                                    21
                9                                       12
        6               7                       8                 10
    5
-----------------------------------------------------------------------------------------------------
+14
                                    21
                14                                      12
        9               7                       8                 10
    5       6
-----------------------------------------------------------------------------------------------------
+4
                                    21
                14                                      12
        9               7                       8                 10
    5       6       4



b) Usando el algoritmo BuildHeap
                {5, 8, 12, 9, 7, 10, 21, 6, 14, 4}

                                    5
                8                                       12
        9               7                       10              21
    6       14      4
-----------------------------------------------------------------------------------------------------
Comenzamos intentando filtrar el 7

                                    5
                8                                       12
        9               7                       10              21
    6       14      4
-----------------------------------------------------------------------------------------------------
Filtramos el 9

                                    5
                8                                       12
        14               7                       10              21
    6       9      4
-----------------------------------------------------------------------------------------------------
Filtramos el 12

                                    5
                8                                       21
        14               7                       10              12
    6       9      4
-----------------------------------------------------------------------------------------------------
Filtramos el 8

                                    5
                14                                       21
        9               7                       10              12
    6       8      4
-----------------------------------------------------------------------------------------------------
Filtramos el 5

                                    21
                14                                       12
        9               7                       10              5
    6       8      4



