6) Aplique el algoritmo BuildHeap, para construir una min-heap en tiempo lineal, con los siguientes valores

{150, 80, 40, 10, 70, 110, 30, 120, 140, 60, 50, 130, 100, 20, 90}
-----------------------------------------------------------------------------------------
150
                                150
-----------------------------------------------------------------------------------------
80
                                80
                            150

-----------------------------------------------------------------------------------------
40
                                40
                            150    80
-----------------------------------------------------------------------------------------
                                10
                            40      80
                        150
-----------------------------------------------------------------------------------------
                                10
                            40      80
                        150    70
-----------------------------------------------------------------------------------------
                                10
                        40              80
                    150    70       110
-----------------------------------------------------------------------------------------
                                10
                        40              30
                    150    70       110    80
-----------------------------------------------------------------------------------------
                                10
                        40              30
                    120    70       110    80
                150            
-----------------------------------------------------------------------------------------
140
                                10
                        40              30
                    120    70       110    80
                150     140   
-----------------------------------------------------------------------------------------
60
                                    10
                        40                      30
                120             60       110            80
            150     140      70   
-----------------------------------------------------------------------------------------
50
                                    10
                        40                      30
                120             50       110            80
            150     140      70    60  
-----------------------------------------------------------------------------------------
130
                                    10
                    40                              30
            120             50              110            80
        150     140      70    60       130 
-----------------------------------------------------------------------------------------
100
                                    10
                    40                              30
            120             50              100            80
        150     140      70    60       130     110
-----------------------------------------------------------------------------------------
20
                                    10
                    40                              20
            120             50              100            30
        150     140      70    60       130     110     80 
-----------------------------------------------------------------------------------------
90
                                    10
                    40                              20
            120             50              100            30
        150     140      70    60       130     110     80    90



