7) Aplique el algoritmo HeapSort, para ordenar descendentemente los siguientes elementos:
{1, 2, 10, 7, 11, 12, 33, 18, 140, 500, 15, 40, 13, 90}

                                              1
                            2                                  10
                    7              11                  12              33
                18     140     500    15            40    13        90
-------------------------------------------------------------------------------------------------------------------
{2, 7, 10, 18, 11, 12, 33, 90, 140, 500, 15, 40, 13} 1

                                              2
                            7                                  10
                    18              11                  12              33
                90     140     500    15            40    13                 
-------------------------------------------------------------------------------------------------------------------
{7, 13, 10, 18, 11, 12, 33, 90, 140, 500, 15, 40} 2, 1

                                              7
                            11                                  10
                    18              13                  12              33
                90     140     500    15            40                     
-------------------------------------------------------------------------------------------------------------------
{10, 11, 12, 18, 13, 40, 33, 90, 140, 500, 15} 7, 2, 1

                                              10
                            11                                  12
                    18              13                  40              33
                90     140     500    15                                 
-------------------------------------------------------------------------------------------------------------------
{11, 13, 12, 18, 15, 40, 33, 90, 140, 500} 10, 7, 2, 1

                                              11
                            13                                  12
                    18              15                  40              33
                90     140     500     
-------------------------------------------------------------------------------------------------------------------
{12, 13, 33, 18, 15, 40, 500, 90, 140} 11, 10, 7, 2, 1

                                              12
                            13                                  33
                    18              15                  40              500
                90     140        
-------------------------------------------------------------------------------------------------------------------
{13, 15, 33, 18, 140, 40, 500, 90} 12, 11, 10, 7, 2, 1

                                              13
                            15                                  33
                    18              140                  40              500
                90         
-------------------------------------------------------------------------------------------------------------------
{15, 18, 33, 90, 140, 40, 500} 13, 12, 11, 10, 7, 2, 1

                                              15
                            18                                  33
                    90              140                  40              500
-------------------------------------------------------------------------------------------------------------------
{18, 90, 33, 500, 140, 40} 15, 13, 12, 11, 10, 7, 2, 1

                                              18
                            90                                  33
                    500              140                  40                                  
-------------------------------------------------------------------------------------------------------------------
{33, 90, 40, 500, 140} 18, 15, 13, 12, 11, 10, 7, 2, 1

                                              33
                            90                                  40
                    500              140                                                    
-------------------------------------------------------------------------------------------------------------------
{40, 90, 140, 500} 33, 18, 15, 13, 12, 11, 10, 7, 2, 1

                                              40
                            90                                  140
                    500                 
-------------------------------------------------------------------------------------------------------------------
{90, 500, 140} 40, 33, 18, 15, 13, 12, 11, 10, 7, 2, 1

                                              90
                            500                                  140
-------------------------------------------------------------------------------------------------------------------
{140, 500} 90, 40, 33, 18, 15, 13, 12, 11, 10, 7, 2, 1

                                              500
                            140                                                          
-------------------------------------------------------------------------------------------------------------------
{500} 140, 90, 40, 33, 18, 15, 13, 12, 11, 10, 7, 2, 1

                                              
                             

